Param_ProductId,Param_ProdPrice,Param_CrossRefId
1001320011,51.95,871836001161
1002280002,4.50,845823039406
1001320011,51.95,871836001161
1003530006,86.73,887850490195
1003530011,86.73,887850490249
1002720004,30.93,603731567004
1002720004,21.83,603731567004
1002720005,30.93,603731567028
1002720005,21.83,603731567028
1002740004,74.95,603731703365
1002740004,51.93,603731703365
1001890005,76.93,889586539834
1001890005,54.83,889586539834
1001910003,34.73,790740366633
1001910004,34.73,790740366640
1003620013,98.83,410036200136
1003620015,98.83,410036200150
1003380049,31.73,90641353474
1003410001,49.95,715757526962
1003380008,31.73,90641353061
1003430006,64.73,90641276186
1003430006,32.73,90641276186
1003380018,31.73,90641353160
1002920004,149.93,7613276853824
1002920004,118.83,7613276853824
1001960012,224.73,4047761294497
1001960014,224.73,4047761294534
1001970002,135.73,4047761318117
1001970013,135.73,4047761318094
1001970014,135.73,4047761318124
1001060010,42.95,810497022665
1001060010,32.19,810497022665
1000130001,41.73,810418020213
1000130001,24.73,810418020213
1004030002,31.73,90641337603
1004030002,15.73,90641337603
1001080001,27.95,410010800017
1004030010,31.73,90641337689
1004030010,15.73,90641337689
1004030011,31.73,90641337696
1004030011,15.73,90641337696
1003460007,51.73,90641281005
1003460006,51.73,90641280992
1003470007,44.73,90641376084
1003470007,22.73,90641376084
1000950002,30.73,785146511923
1000950002,15.73,785146511923
1004440004,96.93,410044400047
1004440004,58.83,410044400047
1004440002,96.93,410044400023
1004440002,58.83,410044400023
1004450001,44.73,806434010994
1004450001,22.73,806434010994
1004450007,44.73,806434011052
1004450007,22.73,806434011052
1004450010,44.73,806434011083
1004450010,22.73,806434011083
1003670012,59.73,41969491829
1003670012,29.73,41969491829
1004450015,44.73,806434011137
1004450015,22.73,806434011137
1003590005,29.73,887850319588
1003590005,14.73,887850319588
1003590006,29.73,887850319595
1003590006,14.73,887850319595
1001970017,135.73,4047761318216
1001970018,135.73,4047761318247
1001970031,135.73,4047761318254
1001970028,135.73,4047761318162
1000750001,23.73,715757422981
1000750001,11.73,715757422981
1001970035,135.73,4047761317929
1000260001,39.95,858941006267
1000260001,39.95,859555005219
1000270001,89.95,859555005103
1001000002,58.73,785146354728
1001000001,58.73,785146354841
1001030003,21.95,810497021613
1000130030,41.73,810418022873
1000130030,24.73,810418022873
1003520021,64.73,887850482077
1003520021,32.73,887850482077
1003520022,64.73,887850482084
1003520022,32.73,887850482084
1002720003,30.93,603731567141
1002720003,21.83,603731567141
1002730001,27.93,603731662389
1001890011,76.93,889586513278
1001890011,54.83,889586513278
1001910002,34.73,790740366626
1001910008,34.73,790740366565
1003620006,199,410036200068
1003620006,149.93,410036200068
1003620006,98.83,410036200068
1003380047,31.73,90641353450
1003390001,1100,812203026721
1003390001,934.93,812203026721
1003410002,49.95,715757526979
1003380005,31.73,90641353030
1003430003,64.73,90641276155
1003430003,32.73,90641276155
1003380012,31.73,90641353108
1003380016,31.73,90641353146
1003380019,31.73,90641353177
1002920005,149.93,7613276853831
1002920005,118.83,7613276853831
1003380023,31.73,90641353214
1001970011,135.73,4047761317936
1001970010,135.73,4047761317905
1000120008,54.73,810418027021
1000120012,54.73,810418027069
1001060017,42.95,810497026380
1001060017,32.19,810497026380
1001070002,59.95,810497023327
1001070002,44.89,810497023327
1001070006,59.95,810497026441
1001070006,44.89,810497026441
1001070007,59.95,810497026847
1001070007,44.89,810497026847
1003450012,51.73,90641306616
1003450012,25.73,90641306616
1003460003,51.73,90641280930
1000920005,28.73,785146476734
1003470005,44.73,90641376060
1003470005,22.73,90641376060
1000950008,30.73,785146541890
1000950008,15.73,785146541890
1000950007,30.73,785146541883
1000950007,15.73,785146541883
1004440005,96.93,410044400054
1004440005,58.83,410044400054
1004450006,44.73,806434011045
1004450006,22.73,806434011045
1004450011,44.73,806434011090
1004450011,22.73,806434011090
1003580002,49.73,887850321659
1003580002,24.73,887850321659
1003680003,144.73,41969493854
1003580003,49.73,887850321673
1003580003,24.73,887850321673
1004450020,44.73,806434011182
1004450020,22.73,806434011182
1001970020,135.73,4047761318308
1000720004,23.73,715757450748
1000720004,11.73,715757450748
1004450023,44.73,806434011212
1004450023,22.73,806434011212
1000720002,23.73,715757450731
1000720002,11.73,715757450731
1001970029,135.73,4047761318193
1000240001,20.83,813148029495
1000740003,20.73,715757450656
1000770001,34.73,410007700016
1001970034,135.73,4047761317899
1000340001,109.73,410003400019
1000350001,14.73,410003500016
1001000005,58.73,785146354810
1003520024,64.73,887850482107
1003520024,32.73,887850482107
1003530005,86.73,887850490188
1002740002,51.93,603731703303
1002730004,27.93,603731662464
1002750004,29.93,603731698203
1002760002,55.93,603731769255
1001890009,76.93,889586512424
1001890009,54.83,889586512424
1003620005,199,410036200051
1003620005,149.93,410036200051
1003620005,98.83,410036200051
1003620007,199,410036200075
1003620007,149.93,410036200075
1003620007,98.83,410036200075
1003630007,249,410036300072
1003630007,179.93,410036300072
1003630007,148.83,410036300072
1003630007,123.83,410036300072
1003380045,31.73,90641353436
1002900004,33.83,849872039813
1002900005,33.83,849872039820
1003380015,31.73,90641353139
1003380013,31.73,90641353115
1002920007,199,7613276857747
1002920007,148.93,7613276857747
1002920007,118.83,7613276857747
1002920009,199,7613276857761
1002920009,148.93,7613276857761
1002920009,118.83,7613276857761
1001970005,135.73,4047761318209
1001970008,135.73,4047761318292
1000120010,54.73,810418027045
1000120014,54.73,810418027083
1000120015,54.73,810418027090
1001060012,42.95,810497023068
1001060012,32.19,810497023068
1001060015,42.95,810497026397
1001060015,32.19,810497026397
1004030005,31.73,90641337634
1004030005,15.73,90641337634
1001080003,27.95,410010800031
1003460002,51.73,90641280916
1004040009,24.73,90641350534
1004040009,14.73,90641350534
1003470004,44.73,90641376053
1003470004,22.73,90641376053
1000930003,29.73,785146352298
1003470010,44.73,90641376114
1003470010,22.73,90641376114
1000950004,30.73,785146541906
1000950004,15.73,785146541906
1003670004,59.73,410036700049
1003670004,29.73,410036700049
1003670006,59.73,410036700063
1003670006,29.73,410036700063
1004450013,44.73,806434011113
1004450013,22.73,806434011113
1004450012,44.73,806434011106
1004450012,22.73,806434011106
1003570012,41.73,410035700125
1003570012,20.73,410035700125
1003580006,49.73,887850321734
1003580006,24.73,887850321734
1003580005,49.73,887850321710
1003580005,24.73,887850321710
1003590011,29.73,887850322793
1003590011,14.73,887850322793
1004450018,44.73,806434011168
1004450018,22.73,806434011168
1004460003,44.73,806434000148
1004460003,22.73,806434000148
1004460004,44.73,806434000155
1004460004,22.73,806434000155
1000740002,20.73,715757450663
1004460011,44.73,806434000223
1003520025,64.73,887850482114
1003520025,32.73,887850482114
1003520023,64.73,887850482091
1003520023,32.73,887850482091
1003530014,86.73,887850687250
1002720001,30.93,603731567103
1002720001,21.83,603731567103
1002720006,30.93,603731567042
1002720006,21.83,603731567042
1002740003,51.93,603731703273
1002740003,51.83,603731703273
1002750002,29.93,603731698128
1001910005,34.73,790740366534
1001910007,34.73,790740366558
1003620014,98.83,410036200143
1003630001,249,410036300010
1003630001,179.93,410036300010
1003630001,148.83,410036300010
1003630001,123.83,410036300010
1003380050,31.73,90641353481
1003400001,839.83,812203026769
1003400001,839.83,812203026790
1003380010,31.73,90641353085
1002910003,106.83,7613276966937
1002910003,88.83,7613276966937
1002920003,149.93,7613276853817
1002920003,118.83,7613276853817
1003380017,31.73,90641353153
1001960013,224.73,4047761294510
1001960015,224.73,4047761294558
1001970016,135.73,4047761318186
1000120007,54.73,810418027014
1000130005,41.73,810418020251
1000130005,24.73,810418020251
1000130008,41.73,810418020282
1000130008,24.73,810418020282
1001070005,59.95,810497023303
1001070005,44.89,810497023303
1001070003,59.95,810497023174
1004030012,31.73,90641337702
1004030012,15.73,90641337702
1004040002,24.73,90641350459
1004040002,14.73,90641350459
1003460005,51.73,90641280978
1000930001,29.73,785146352236
1003470006,44.73,90641376077
1003470006,22.73,90641376077
1000940003,43.73,785146356289
1000940003,21.73,785146356289
1003670002,59.73,41969491720
1003670002,29.73,41969491720
1003670003,59.73,410036700032
1003670003,29.73,410036700032
1003570011,41.73,410035700118
1003570011,20.73,410035700118
1004450009,44.73,806434011076
1004450009,22.73,806434011076
1003670013,59.73,410036700131
1003670013,29.73,410036700131
1003680001,144.73,41969493830
1003380020,31.73,90641353184
1003590007,29.73,887850319601
1003590007,14.73,887850319601
1004450024,44.73,806434011229
1004450024,22.73,806434011229
1004460002,44.73,806434000131
1004460002,22.73,806434000131
1001970021,135.73,4047761317882
1004460007,44.73,806434000186
1004460007,22.73,806434000186
1000740004,20.73,715757452735
1000250001,100,813148029853
1000780001,23.73,715757399580
1000780001,11.73,715757399580
1000250004,74.93,813148029884
1000780002,23.73,410007800020
1000780002,11.73,410007800020
1001340001,25,707708017575
1000140012,41.73,810418021746
1000140012,24.73,810418021746
1001320002,51.95,871836009044
1004080002,24.73,90641180926
1004130001,54.95,7640144283629
1004150001,66.5,410041500016
1004060005,51.73,90641348692
1004060006,51.73,90641348708
1004070008,21.73,90641181435
1004070011,21.73,90641181466
1003380028,31.73,90641353269
1004450014,44.73,806434011120
1004450014,22.73,806434011120
1001470001,1049.93,785978082127
1003380040,31.73,90641353382
1002340001,35.5,845823035217
1002350005,5.95,845823035132
1000790005,32.73,785146517383
1000790004,32.73,785146517352
1002430001,129.95,840302012178
1002430001,129.95,845823045155
1002440001,15.95,811747021711
1002440001,11.93,811747021711
1002440001,15.95,811747021711
1000800009,20.73,785146524046
1003560002,64.73,887850301064
1003560002,32.73,887850301064
1002460003,34.95,7331423010004
1002460003,25.93,7331423010004
1002460003,16.93,7331423010004
1003820008,89.73,41969512005
1003820009,89.73,41969512012
1003840003,299,727602371887
1003840003,199.93,727602371887
1003840003,174.83,727602371887
1003840003,148.83,727602371887
1003840002,299,727602371870
1003840002,199.93,727602371870
1003840002,174.83,727602371870
1003840002,148.83,727602371870
1003840005,299,727602371771
1003840005,199.93,727602371771
1003840005,174.83,727602371771
1003840005,148.83,727602371771
1002670004,27.93,603731658597
1002670004,27.93,603731658818
1003840011,299,727602371832
1003840011,199.93,727602371832
1003840011,174.83,727602371832
1003840011,148.83,727602371832
1002560001,47.73,47297919110
1003840010,299,727602371825
1003840010,199.93,727602371825
1003840010,174.83,727602371825
1003840010,148.83,727602371825
1000910005,38.73,785146555088
1000500004,99,889586525325
1000500004,68.93,889586525325
1000540001,1499,849799004833
1000540001,1198.93,849799004833
1000630003,17.93,41604299193
1000590001,50,41604288722
1000620002,14.93,41604295614
1000710002,34.73,715757450571
1000710002,17.73,715757450571
1003700021,59.73,41969493212
1003700021,29.73,41969493212
1003710001,135,606891048789
1003810011,59.73,41969492116
1003810011,29.73,41969492116
1003150001,38.83,849872041373
1003160001,6.83,410031600016
1001010003,28.73,785146476376
1000140007,41.73,810418021692
1000140007,24.73,810418021692
1000140008,41.73,810418021708
1000140008,24.73,810418021708
1001330001,13,707708060007
1004120001,14.95,75536300504
1004120001,15.95,75536300504
1004080010,24.73,90641181039
1001320010,51.95,871836000843
1000120011,54.73,810418027052
1004180001,899.95,790628036313
1004070004,21.73,90641181220
1004070007,21.73,90641181428
1004070010,21.73,90641181459
1003380025,31.73,90641353238
1001460001,999.95,759239293225
1003380037,31.73,90641353351
1001510001,699.95,759239286791
1003380041,31.73,90641353399
1003540013,85.73,887850504816
1003540012,85.73,887850504809
1002370001,78,845823035194
1000790006,32.73,785146534601
1003550001,49.73,887850508524
1003550001,24.73,887850508524
1003550011,49.73,887850508623
1003550011,24.73,887850508623
1000800005,20.73,785146524527
1003550012,49.73,887850508630
1003550012,24.73,887850508630
1000800010,20.73,785146524077
1002590001,39.73,47297918014
1002650001,55.93,603731629986
1002650001,39.83,603731629986
1002650002,55.93,603731629948
1002650002,39.83,603731629948
1003830001,25,753759143244
1002660001,119.95,603731634614
1002660001,119.95,603731634614
1000850001,0.93,410008500011
1003840007,299,727602371795
1003840007,199.93,727602371795
1003840007,174.83,727602371795
1003840007,148.83,727602371795
1000880001,60,4712805985210
1000880001,60,4712805991389
1000910001,38.73,785146555132
1000920002,28.73,785146476642
1000630002,17.93,41604297571
1000630004,17.93,41604299209
1000560001,1599,849799004925
1000560001,1278.93,849799004925
1003800001,19.95,9781597752237
1000720001,23.73,715757373023
1000720001,11.73,715757373023
1003810003,59.73,41969492031
1003810003,29.73,41969492031
1003700024,59.73,41969493243
1003700024,29.73,41969493243
1003730004,129,606891015989
1003730002,129,606891015965
1002500001,49.95,715757527006
1003150004,38.83,849872041403
1002980003,85,815414020045
1003680009,144.73,41969493915
1003000001,41.83,813148027811
1003000002,41.83,813148027828
1003020001,13.83,849872026899
1002770001,22.83,603731686620
1002770003,22.83,603731685647
1003690006,59.73,41969496640
1003200006,24.73,790740055339
1003110002,17.83,849872036980
1004460011,22.73,806434000223
1000760001,34.73,715757307332
1000240004,41.83,813148029525
1000300002,129.95,858941006342
1000300002,129.95,859555005288
1000310001,69.95,793661288534
1001010001,28.73,785146476284
1004450002,44.73,806434011007
1004450002,22.73,806434011007
1001010004,28.73,785146507605
1000140003,41.73,810418021654
1000140003,24.73,810418021654
1000140002,41.73,810418021647
1000140002,24.73,810418021647
1001350001,20,707708317675
1000140014,41.73,810418021760
1000140014,24.73,810418021760
1004080007,24.73,90641181008
1004080009,24.73,90641181022
1001320014,51.95,871836001130
1004170001,799.95,790628036306
1004060012,51.73,90641348760
1004070003,21.73,90641181213
1003380029,31.73,90641353276
1001560001,14.95,749717915084
1003380032,31.73,90641353306
1003380038,31.73,90641353368
1003380035,31.73,90641353337
1003380044,31.73,90641353429
1001600001,41.83,813148028788
1004460006,44.73,806434000179
1004460006,22.73,806434000179
1000730001,29.73,715757484255
1000730001,14.73,715757484255
1000790008,32.73,785146534663
1000790010,32.73,785146534724
1000240003,41.83,813148029518
1003550006,49.73,887850508579
1003550006,24.73,887850508579
1003820007,89.73,41969511992
1003820006,89.73,41969511985
1002470002,7.95,7331423008476
1002480001,2.95,7331423003815
1002660004,119.95,603731634676
1002660004,119.95,603731634676
1003820013,89.73,41969512050
1002640001,96.73,47297364118
1003840008,299,727602371801
1003840008,199.93,727602371801
1003840008,174.83,727602371801
1003840008,148.83,727602371801
1002550001,64.73,47297929416
1000900001,34,840302013175
1000600001,349.95,858941006281
1000600001,349.95,859555005257
1000510002,1349,849799005427
1000620005,14.93,41604299254
1000570001,150,41604288593
1000650002,22.95,90497258657
1000650002,18.29,90497258657
1000700001,6.95,410007000017
1003790001,4.93,9780991578474
1003790001,1.83,9780991578474
1003700026,59.73,41969493267
1003700026,29.73,41969493267
1003810007,59.73,41969492079
1003810007,29.73,41969492079
1003820004,89.73,41969511961
1003740003,129,606891016023
1003730003,129,606891015972
1003170001,99.95,76501382822
1003180001,119.95,76501380132
1002980001,62.93,815414020021
1002990003,41.83,813148027712
1003190006,24.73,790740366305
1003190006,12.73,790740366305
1003190008,24.73,790740366329
1003190008,12.73,790740366329
1003200003,24.73,790740367265
1003680011,144.73,41969493939
1003680012,144.73,41969493946
1003000003,41.83,813148027835
1003100002,39.95,762894034737
1002790001,634.93,603403200666
1002800001,470.93,836430004956
1002800001,629,836430004956
1003200008,24.73,790740055384
1003690011,59.73,41969496695
1002850001,820.93,603403360926
1002870003,62,849872040055
1003220006,89.5,889667886062
1003140001,38.83,849872032371
1003700008,59.73,41969493632
1003700008,29.73,41969493632
1003700007,59.73,41969493625
1003700007,29.73,41969493625
1003350019,44,849872042967
1003700015,59.73,41969493113
1003700015,29.73,41969493113
1003700019,59.73,41969493199
1003700019,29.73,41969493199
1003700017,59.73,41969493151
1003700017,29.73,41969493151
1003310002,48.83,849872042691
1000480001,1.95,90497705410
1003320004,38.83,849872041618
1004730002,29.73,886745380894
1004730002,14.73,886745380894
1003330003,53.83,849872041755
1000470001,96.73,410004700019
1004730004,29.73,886745380917
1004730004,14.73,886745380917
1004740003,31.73,886745374855
1004740003,18.73,886745374855
1003600001,49.73,887850308322
1003600001,24.73,887850308322
1003600006,49.73,887850308407
1003600006,24.73,887850308407
1003600008,49.73,887850487119
1003600008,24.73,887850487119
1003600011,49.73,887850487164
1003600011,24.73,887850487164
1003660006,59.73,41969509876
1003660005,59.73,41969509869
1003660014,59.73,41969509951
1003660012,59.73,41969509937
1003670001,59.73,41969491713
1003670001,29.73,41969491713
1003660016,59.73,41969509975
1003370004,72,849872043315
1003370002,72,849872043292
1003370009,35.83,849872043360
1003880005,49.95,410038800051
1003880007,49.95,410038800075
1000120003,54.73,810418026970
1000120004,54.73,810418026987
1004040011,24.73,90641350558
1004040011,14.73,90641350558
1004040010,24.73,90641350541
1004040010,14.73,90641350541
1002690004,23.93,603731651369
1002690004,16.83,603731651369
1003850007,148.83,727602373041
1003850012,148.83,727602373096
1004050009,44.73,90641350053
1004050009,22.73,90641350053
1004060001,51.73,90641348654
1004060002,51.73,90641348661
1000160018,78.83,410001600183
1000990003,20.73,785146542279
1000990005,20.73,785146542293
1001030004,21.95,810497021606
1001030001,21.95,810497021590
1000140011,41.73,810418021739
1000140011,24.73,810418021739
1000140010,41.73,810418021722
1000140010,24.73,810418021722
1004140001,53.83,849872046064
1001320003,51.95,871836009037
1000140013,41.73,810418021753
1000140013,24.73,810418021753
1001320011,51.95,871836001161
1004080011,24.73,90641181046
1004060008,51.73,90641348722
1003460001,51.73,90641280893
1004070005,21.73,90641181404
1004070009,21.73,90641181442
1004080001,24.73,90641180919
1001430001,999.95,759239292846
1003380030,31.73,90641353283
1001530001,1099.95,759239287064
1003380039,31.73,90641353375
1002350002,5.95,845823035101
1002350001,5.95,845823035125
1002350006,5.95,845823035149
1002380001,14.95,845823035156
1003540011,85.73,887850504793
1002420001,36.95,845823031295
1000800003,20.73,785146524466
1000800007,20.73,785146523988
1000800008,20.73,785146524015
1000810001,2.93,410008100013
1002620001,94.73,47297928945
1002620001,69.73,47297928945
1002620001,41.73,47297928945
1002490002,7.95,7331423008551
1002660003,119.95,603731634652
1002660003,119.95,603731634652
1003840004,299,727602371894
1003840004,199.93,727602371894
1003840004,174.83,727602371894
1003840004,148.83,727602371894
1002530001,11.73,47297915358
1002530001,7.73,47297915358
1000870001,110,4712805985319
1000870001,110,4712805991501
1000860001,130,4712805991280
1000860001,130,4712805985128
1000500003,99,889586525073
1000500003,68.93,889586525073
1000910009,38.73,785146555125
1000920003,28.73,785146476673
1000530001,1299,849799005298
1000530001,1038.93,849799005298
1000660001,6.83,410006600010
1000680001,6.95,410006800014
1003810005,59.73,41969492055
1003810005,29.73,41969492055
1003810004,59.73,41969492048
1003810004,29.73,41969492048
1003820003,89.73,41969511954
1003710002,135,606891048796
1003750001,499.95,776324535428
1003150002,38.83,849872041380
1003200002,24.73,790740367258
1003200001,24.73,790740367241
1002990004,62.93,813148027729
1003680010,144.73,41969493922
1002760004,79.95,603731436065
1003030001,38.93,836623012263
1003030001,29.93,836623012263
1003070001,37.95,762894034997
1003530004,86.73,887850490171
1003530008,86.73,887850490218
1003530010,86.73,887850490232
1001890003,76.93,889586539186
1001890003,54.83,889586539186
1001900001,5,17971105214
1001890004,76.93,889586539544
1001890004,54.83,889586539544
1001890006,76.93,889586540045
1001890006,54.83,889586540045
1003620012,98.83,410036200129
1003620010,199,410036200105
1003620010,149.93,410036200105
1003620010,98.83,410036200105
1001890012,76.93,889586513681
1001890012,54.83,889586513681
1003630002,249,410036300027
1003630002,179.93,410036300027
1003630002,148.83,410036300027
1003630002,123.83,410036300027
1003630004,249,410036300041
1003630004,179.93,410036300041
1003630004,148.83,410036300041
1003630004,123.83,410036300041
1003380006,31.73,90641353047
1003420002,49.95,715757526993
1002920001,149.93,7613276853794
1002920001,118.83,7613276853794
1003380011,31.73,90641353092
1002920011,199,7613276853732
1002920011,148.93,7613276853732
1002920011,118.83,7613276853732
1002920013,199,7613276853756
1002920013,148.93,7613276853756
1002920013,118.83,7613276853756
1001970004,135.73,4047761318179
1001970007,135.73,4047761318261
1001060009,42.95,810497022641
1001060009,32.19,810497022641
1000130002,41.73,810418020220
1000130002,24.73,810418020220
1000130009,41.73,810418020299
1000130009,24.73,810418020299
1000130006,41.73,810418020268
1000130006,24.73,810418020268
1004030008,31.73,90641337665
1004030008,15.73,90641337665
1001080004,27.95,410010800048
1004040005,24.73,90641350480
1004040005,14.73,90641350480
1004040003,24.73,90641350466
1004040003,14.73,90641350466
1000930002,29.73,785146352267
1003470008,44.73,90641376091
1003470008,22.73,90641376091
1000950001,30.73,785146511893
1000950001,15.73,785146511893
1003470009,44.73,90641376107
1003470009,22.73,90641376107
1003670010,59.73,410036700100
1003670010,29.73,410036700100
1003670008,59.73,410036700087
1003670008,29.73,410036700087
1004450008,44.73,806434011069
1004450008,22.73,806434011069
1003430004,64.73,90641276162
1003430004,32.73,90641276162
1003590003,29.73,887850319564
1003590003,14.73,887850319564
1003590002,29.73,887850319540
1003590002,14.73,887850319540
1003680007,144.73,41969493892
1003590008,29.73,887850322755
1003590008,14.73,887850322755
1003530007,86.73,887850490201
1003530009,86.73,887850490225
1003530003,86.73,887850490164
1002730002,27.93,603731662303
1002750001,29.93,603731698166
1002750003,29.93,603731695585
1001910001,34.73,790740366619
1003620003,199,410036200037
1003620003,149.93,410036200037
1003620003,98.83,410036200037
1003620011,98.83,410036200112
1003630006,249,410036300065
1003630006,179.93,410036300065
1003630006,148.83,410036300065
1003630006,123.83,410036300065
1003380051,31.73,90641353498
1003420001,49.95,715757526986
1002910002,106.83,7613276966920
1002910002,88.83,7613276966920
1003430005,64.73,90641276179
1003430005,32.73,90641276179
1002920002,149.93,7613276853800
1002920002,118.83,7613276853800
1002920006,199,7613276857730
1002920006,148.93,7613276857730
1002920006,118.83,7613276857730
1002920012,199,7613276853749
1002920012,148.93,7613276853749
1002920012,118.83,7613276853749
1001970003,135.73,4047761318148
1001970015,135.73,4047761318155
1000120009,54.73,810418027038
1000130004,41.73,810418020244
1000130004,24.73,810418020244
1000130007,41.73,810418020275
1000130007,24.73,810418020275
1001070001,59.95,810497023310
1001070001,44.89,810497023310
1004030003,31.73,90641337610
1004030003,15.73,90641337610
1004030009,31.73,90641337672
1004030009,15.73,90641337672
1004040004,24.73,90641350473
1004040004,14.73,90641350473
1004040008,24.73,90641350527
1004040008,14.73,90641350527
1003470003,44.73,90641376046
1003470003,22.73,90641376046
1003470002,44.73,90641376039
1003470002,22.73,90641376039
1000950005,30.73,785146541869
1000950005,15.73,785146541869
1004440003,96.93,410044400030
1004440003,58.83,410044400030
1004450005,44.73,806434011038
1004450005,22.73,806434011038
1003670007,59.73,410036700070
1003670007,29.73,410036700070
1003680002,144.73,41969493847
1003430007,64.73,90641276193
1003430007,32.73,90641276193
1004450016,44.73,806434011144
1004450016,22.73,806434011144
1003680006,144.73,41969493885
1003590010,29.73,887850322786
1003590010,14.73,887850322786
1004450022,44.73,806434011205
1004450022,22.73,806434011205
1000720003,23.73,715757422936
1000720003,11.73,715757422936
1001970024,135.73,4047761317974
1004460009,44.73,806434000209
1004460009,22.73,806434000209
1000240002,41.83,813148029501
1001970036,135.73,4047761317950
1003590009,29.73,887850322762
1003590009,14.73,887850322762
1000730002,29.73,715757484279
1000730002,14.73,715757484279
1000740001,20.73,715757450649
1001970026,135.73,4047761318100
1004460010,44.73,806434000216
1004460010,22.73,806434000216
1000250003,74.93,813148029877
1000790001,32.73,785146517260
1000290001,79.95,410002900015
1000300001,129.95,858941006335
1000300001,129.95,859555005271
1001020004,41.73,785146507575
1001030002,21.95,810497021620
1000140001,41.73,810418021630
1000140001,24.73,810418021630
1000130031,41.73,810418022880
1000130031,24.73,810418022880
1004080003,24.73,90641180933
1001320005,51.95,871836009013
1000140016,41.73,810418021784
1000140016,24.73,810418021784
1001320007,51.95,871836000874
1001360003,29.95,810497021514
1001360003,22.39,810497021514
1000930004,29.73,785146352328
1004060009,51.73,90641348739
1004060011,51.73,90641348753
1001580001,14.95,749717915060
1001590001,14.95,749717915053
1003570013,41.73,410035700132
1003570013,20.73,410035700132
1001440001,999.95,759239292952
1001600003,41.83,813148028801
1002320001,8.5,845823031226
1002350003,5.95,845823035095
1002350008,5.95,845823035118
1000790009,32.73,785146534694
1003550004,49.73,887850508555
1003550004,24.73,887850508555
1003550009,49.73,887850508609
1003550009,24.73,887850508609
1000800002,20.73,785146524435
1002470001,7.95,7331423009039
1002460001,34.95,7331423009985
1002460001,25.93,7331423009985
1002460001,16.93,7331423009985
1003820010,89.73,41969512029
1003820012,89.73,41969512043
1003840006,299,727602371788
1003840006,199.93,727602371788
1003840006,174.83,727602371788
1003840006,148.83,727602371788
1002520001,14.73,47297915365
1002670003,27.93,603731658429
1002670003,27.93,603731658481
1000840001,2.5,410008400014
1000500001,68.93,889586496151
1000910003,38.73,785146555163
1000510001,1349,849799005403
1000910006,38.73,785146555095
1000640003,21.93,41604299186
1000610001,31.93,41604295676
1000620001,14.93,41604295607
1000690001,4.95,410006900011
1003820001,89.73,41969511930
1003820002,89.73,41969511947
1003720002,1295,606891047164
1003710003,135,606891048802
1003190002,24.73,790740366251
1003190002,12.73,790740366251
1003190004,24.73,790740366275
1003190004,12.73,790740366275
1003200004,24.73,790740367272
1003200005,24.73,790740055346
1003680013,144.73,41969493953
1002760006,79.95,603731435716
1003100001,39.95,762894034744
1003690004,59.73,41969496626
1003060001,12.73,17971079003
1003690009,59.73,41969496671
1003210001,53.83,849872044688
1003220001,61.93,889667349048
1002810001,583.93,836430004987
1002810001,779,836430004987
1003350002,21.83,849872043049
1003350007,21.83,849872042998
1003140002,38.83,849872032388
1003350009,14.83,849872043018
1003350014,44,849872042912
1003350016,44,849872042936
1003700013,59.73,41969493687
1003700013,29.73,41969493687
1003700016,59.73,41969493120
1003700016,29.73,41969493120
1003310005,48.83,849872042721
1004710003,19.73,886745374503
1001310003,51.95,871836009082
1000370001,122.73,410003700010
1000420001,64.73,410004200014
1004740001,31.73,886745374831
1004740001,18.73,886745374831
1001690001,139.95,3342540104358
1004730005,29.73,886745380924
1004730005,14.73,886745380924
1001700001,249.95,3342540104402
1003600003,49.73,887850308346
1003600003,24.73,887850308346
1003600005,49.73,887850308384
1003600005,24.73,887850308384
1001610004,41.83,813148025695
1003650005,189,410036500052
1003650005,139.93,410036500052
1003610001,31.83,7330033904000
1002400001,189.95,845823035200
1003560006,64.73,887850301101
1003560006,32.73,887850301101
1003570005,41.73,80694284238
1003570005,20.73,80694284238
1003570009,41.73,410035700095
1003570009,20.73,410035700095
1003350020,44,849872042974
1000110001,99.95,410001100010
1000010020,125,631411499963
1003880004,49.95,410038800044
1000070001,44.93,410000700013
1003370010,35.83,849872043377
1003380004,31.73,90641353023
1003890005,49.95,410038900058
1003840013,299,727602371856
1003840013,199.93,727602371856
1003840013,174.83,727602371856
1003840013,148.83,727602371856
1004040013,24.73,90641350572
1004040013,14.73,90641350572
1004050001,44.73,90641349972
1004050001,22.73,90641349972
1002690007,23.93,603731651321
1002690007,16.83,603731651321
1002700002,32.93,603731673941
1002700002,23.83,603731673941
1002700003,32.93,603731676447
1002700003,23.83,603731676447
1000160009,78.83,410001600091
1000160009,78.83,410001600091
1000160014,78.83,410001600145
1000160014,78.83,410001600145
1000770002,34.73,715757289706
1000790003,32.73,785146517321
1000320001,28,851150002211
1001000003,58.73,785146354759
1001020003,41.73,785146507544
1000130032,41.73,810418022897
1000130032,24.73,810418022897
1000140005,41.73,810418021678
1000140005,24.73,810418021678
1000140009,41.73,810418021715
1000140009,24.73,810418021715
1004080005,24.73,90641180988
1001320004,51.95,871836009020
1001320008,51.95,871836000867
1001320012,51.95,871836001154
1001320015,51.95,871836001123
1001360002,29.95,810497023181
1001360002,22.39,810497023181
1003590004,29.73,887850319571
1003590004,14.73,887850319571
1004060010,51.73,90641348746
1003470001,44.73,90641376022
1003470001,22.73,90641376022
1001550001,14.95,749717915091
1003380027,31.73,90641353252
1001450001,1099.95,759239293126
1002280002,4.50,845823039406
1001480001,1099.95,785978080796
1001520001,999.95,759239286999
1001600002,41.83,813148028795
1002350007,5.95,845823035088
1002390001,86,845823035187
1003540014,85.73,887850504823
1003550005,49.73,887850508562
1003550005,24.73,887850508562
1003550007,49.73,887850508586
1003550007,24.73,887850508586
1003550010,49.73,887850508616
1003550010,24.73,887850508616
1002450001,29.95,7331423007370
1002610001,56.73,47297928952
1003820011,89.73,41969512036
1000820001,4.95,90497751820
1003840001,299,727602371863
1003840001,199.93,727602371863
1003840001,174.83,727602371863
1003840001,148.83,727602371863
1000820002,4.95,90497751837
1000830001,2.5,410008300017
1002680002,30.93,603731655091
1002570001,24.73,47297223156
1002570001,18.73,47297223156
1000500002,68.93,889586510062
1000630001,17.93,41604297564
1000910008,38.73,785146555118
1000550001,1599,849799004888
1000550001,1278.93,849799004888
1000650001,1.83,90497198656
1000620003,14.93,41604299230
1003780001,138,7391408407229
1003810006,59.73,41969492062
1003810006,29.73,41969492062
1003700023,59.73,41969493236
1003700023,29.73,41969493236
1003820005,89.73,41969511978
1003740001,129,606891016009
1002600001,79.73,47297928914
1002600001,39.73,47297928914
1003190007,24.73,790740366312
1003190007,12.73,790740366312
1003010001,15,608503033305
1003010001,9.93,608503033305
1002990002,41.83,813148027705
1003000004,41.83,813148027842
1003690001,59.73,41969496596
1003680015,144.73,41969493977
1002760003,55.93,603731769149
1003080001,52.95,762894031408
1002770002,22.83,603731686590
1003690007,59.73,41969496657
1003110003,17.83,849872036997
1003130002,28.83,849872040789
1002840001,895.93,603403360841
1003220002,61.93,889667349031
1003700002,59.73,41969493571
1003700002,29.73,41969493571
1002870002,62,849872040048
1003700006,59.73,41969493618
1003700006,29.73,41969493618
1003700005,59.73,41969493601
1003700005,29.73,41969493601
1003230002,69.95,7330033903959
1003230002,79.95,7330033903959
1001300004,48.93,886482925396
1003700012,59.73,41969493670
1003700012,29.73,41969493670
1001300005,70,889667885591
1004720001,52.73,410047200019
1004710001,19.73,886745374480
1000410001,54.73,410004100017
1004720004,52.73,410047200040
1001310008,51.95,871836000928
1001310010,51.95,871836000904
1000440001,79.73,410004400018
1003330001,53.83,849872041731
1001660001,14.95,749717915015
1000490004,55,190287512607
1003590014,29.73,887850322823
1003590014,14.73,887850322823
1001610003,41.83,813148025688
1000490007,55,190288954680
1003600014,49.73,887850487225
1003600014,24.73,887850487225
1003650004,189,410036500045
1003650004,139.93,410036500045
1003620002,199,410036200020
1003620002,149.93,410036200020
1003620002,98.83,410036200020
1003560009,64.73,887850301132
1003560009,32.73,887850301132
1003560012,64.73,887850302443
1003560012,32.73,887850302443
1003570002,41.73,80694291595
1003570002,20.73,80694291595
1003570010,41.73,410035700101
1003570010,20.73,410035700101
1003360005,35.83,849872043476
1003370005,72,849872043322
1000060003,130,886798625768
1000060003,103.93,886798625768
1000060003,96.83,886798625768
1000070002,75,410000700020
1000120001,54.73,810418026956
1003380002,31.73,90641353009
1003890003,49.95,410038900034
1003890006,49.95,410038900065
1003850004,299,727602373010
1002690001,23.93,603731650225
1002690001,16.83,603731650225
1003850011,148.83,727602373089
1002690008,23.93,603731651383
1002690008,16.83,603731651383
1003860001,59,410038600019
1004050011,44.73,90641350077
1004050011,22.73,90641350077
1004060003,51.73,90641348678
1004060004,51.73,90641348685
1003530017,86.73,887850687281
1000170004,119,410001700043
1000170004,58.93,410001700043
1000160018,78.83,410001600183
1000160020,78.83,410001600206
1000160020,78.83,410001600206
1003540001,85.73,887850502584
1003530025,86.73,887850687366
1002250001,3.95,845823031189
1002250005,3.95,845823031165
1002250002,3.95,845823031196
1002290001,9.5,845823031257
1002310001,9.95,840302000045
1003520001,64.73,887850481520
1003520001,32.73,887850481520
1002900002,33.83,849872039790
1003630018,249,410036300188
1003520004,64.73,887850481551
1003520004,32.73,887850481551
1003640004,189,410036400048
1003640004,139.93,410036400048
1001030007,21.95,705105301822
1000010003,86.93,631411390604
1000010003,125,631411390604
1001040004,29.95,810497022276
1000010012,125,631411505343
1001040010,29.95,810497022337
1003440004,38.73,90641347923
1003440001,38.73,90641347893
1003480002,49.73,90641346995
1003510007,89.73,887850488376
1003510007,59.73,887850488376
1003470013,44.73,90641376145
1003470013,22.73,90641376145
1002930030,199,7613357101790
1003450008,51.73,90641306579
1003450008,25.73,90641306579
1003480005,49.73,90641347022
1003450009,51.73,90641306586
1003450009,25.73,90641306586
1002930035,199,7613357101677
1003510018,89.73,887850499808
1003510018,59.73,887850499808
1000980002,20.73,785146352144
1001080005,27.95,410010800055
1001080006,27.95,410010800062
1001100001,52.95,843916033492
1001950002,87.73,4047761295135
1001950002,43.73,4047761295135
1001950007,87.73,4047761294978
1001950007,43.73,4047761294978
1001100008,52.95,843916033560
1001100010,52.95,843916033584
1000150015,83.83,410001500155
1000150015,83.83,410001500155
1004200001,449,791964520207
1001730002,169.95,3342540100664
1001730002,174.95,3342540100664
1001760001,19.95,3342540082434
1001760001,21.95,3342540082434
1001760002,19.95,3342540104419
1001770004,99.95,3342540100022
1004270001,169.95,895428014728
1002190003,93.83,849872030834
1002190002,93.83,849872030827
1001830005,21.83,886482895729
1002200002,63.83,849872040543
1002200003,63.83,849872040550
1001990001,11.73,814756014361
1001990002,11.73,814756014354
1004630022,189,7613357033190
1000130016,41.73,810418020367
1000130016,24.73,810418020367
1004630028,189,7613276854302
1001110001,239.95,858941006274
1001110001,239.95,859555005226
1000130020,41.73,810418022774
1000130020,24.73,810418022774
1003130003,28.83,849872040796
1003700001,59.73,41969493564
1003700001,29.73,41969493564
1003130001,28.83,849872040772
1002870001,62,849872040031
1003350010,14.83,849872043025
1003700003,59.73,41969493588
1003700003,29.73,41969493588
1003350011,44,849872042882
1003250001,49.95,7330033903935
1003700018,59.73,41969493168
1003700018,29.73,41969493168
1001300008,70,889667885607
1001310001,51.95,871836009105
1003300001,11.93,7330033904017
1003300001,8.93,7330033904017
1003300001,3.93,7330033904017
1001650001,14.95,749717915022
1001640001,14.95,749717915039
1004720003,52.73,410047200033
1003320003,38.83,849872041601
1004740002,31.73,886745374848
1004740002,18.73,886745374848
1001310012,51.95,877740000443
1004740004,31.73,886745374862
1004740004,18.73,886745374862
1000490002,55,889586536833
1000490002,37.93,889586536833
1000490005,55,190288954642
1003600009,49.73,887850487126
1003600009,24.73,887850487126
1001710002,58.93,889586525332
1003650003,189,410036500038
1003650003,139.93,410036500038
1003660009,59.73,41969509906
1003660008,59.73,41969509890
1003560007,64.73,887850301118
1003560007,32.73,887850301118
1003660011,59.73,41969509920
1003570003,41.73,80694275625
1003570003,20.73,80694275625
1003360004,35.83,849872043469
1000030001,10.93,836481006497
1003880001,49.95,410038800013
1000060002,130,886798625775
1000060002,103.93,886798625775
1000060002,96.83,886798625775
1003380001,31.73,90641352996
1003880010,49.95,410038800105
1000120005,54.73,810418026994
1003890002,49.95,410038900027
1002690002,23.93,603731647157
1002690002,16.83,603731647157
1003850008,148.83,727602373058
1002690003,23.93,603731651307
1002690003,16.83,603731651307
1003850010,148.83,727602373072
1004050010,44.73,90641350060
1004050010,22.73,90641350060
1003870002,99.95,9336340361398
1000160010,78.83,410001600107
1000160010,78.83,410001600107
1002710005,37.93,603731709503
1003530020,86.73,887850687311
1000170006,58.83,410001700067
1003540004,85.73,887850504861
1003540002,85.73,887850502591
1002870007,62,849872039943
1002870009,62,849872039967
1002870010,62,849872039974
1002880002,33.83,849872039592
1003630017,249,410036300171
1003630014,249,410036300140
1003520007,64.73,887850481582
1000130025,41.73,810418022828
1000130025,24.73,810418022828
1004640001,29.95,793661287674
1000130029,41.73,810418022866
1000130029,24.73,810418022866
1004680001,3.95,793661287377
1004690001,249.95,793661199069
1001930007,124.73,4047761085897
1001930007,62.73,4047761085897
1001950017,87.73,4047761295241
1001950017,43.73,4047761295241
1001150004,38.73,410011500046
1001940002,194.73,4047761314447
1001940002,97.73,4047761314447
1001950023,87.73,4047761295081
1001950023,43.73,4047761295081
1001940006,194.73,4047761314485
1001940006,97.73,4047761314485
1004470003,44.73,806434010772
1004470003,22.73,806434010772
1004470007,44.73,806434010819
1004470007,22.73,806434010819
1001210001,24.95,83825721824
1004480005,36.73,806434001244
1002930007,149.93,7613276855514
1002930007,98.83,7613276855514
1002930007,149.93,7630039841591
1002930007,98.83,7630039841591
1004480008,36.73,806434001275
1001180001,2799,700736516805
1001180001,2899,700736516805
1002930015,199,7613276855422
1002930015,199,7613357101615
1002930015,199,7630039841508
1000180012,99.5,410001800125
1000180012,99.5,410001800125
1001240001,37.93,886482982658
1001240001,26.83,886482982658
1001230009,40.93,886482986830
1001230009,28.83,886482986830
1000210007,85,410002100071
1001300001,48.93,886482925389
1001790001,49.95,3342540100442
1001360005,34.95,810497023198
1001360005,26.19,810497023198
1001370006,25,810497022788
1001370006,18.69,810497022788
1001390001,83.83,849872044824
1001820008,40.93,889667349154
1001820009,59.5,889667886116
1000170010,58.83,410001700104
1004590003,70,410045900034
1002920020,199,7613357085144
1004560001,24.95,858787003031
1004560001,19.93,858787003031
1004560001,24.95,96506003034
1004560001,19.93,96506003034
1004560001,24.95,96506033031
1004560001,19.93,96506033031
1000180010,99.5,410001800101
1000180010,99.5,410001800101
1000180008,99.5,410001800088
1000180008,99.5,410001800088
1004480011,36.73,806434001305
1004480012,36.73,806434001312
1004500003,21.73,886745379959
1004300003,109.95,793661114208
1004430002,96.93,410044300026
1004430002,58.83,410044300026
1004430004,96.93,410044300040
1004430004,58.83,410044300040
1003910001,835.83,812203026530
1003910001,1050,812203026530
1001050017,39.95,810497026304
1001050017,29.89,810497026304
1003530021,86.73,887850687328
1002230002,99,845823039642
1003540008,85.73,887850504762
1002280001,3.5,845823039390
1002870005,62,849872040079
1002880004,33.83,849872039615
1002880003,33.83,849872039608
1003630010,249,410036300102
1003630010,179.93,410036300102
1003630010,148.83,410036300102
1003630010,123.83,410036300102
1003630016,249,410036300164
1003520008,64.73,887850481599
1003520008,32.73,887850481599
1003520009,64.73,887850481605
1003520009,32.73,887850481605
1001040001,29.95,810497023129
1003520016,64.73,887850482022
1003520016,32.73,887850482022
1000010007,86.93,631411618357
1000010011,125,631411505336
1003430010,64.73,90641276223
1003430010,32.73,90641276223
1000010019,125,631411499956
1003450001,51.73,90641306500
1003450001,25.73,90641306500
1003440005,38.73,90641347930
1003450005,51.73,90641306548
1003450005,25.73,90641306548
1003500001,18.95,7640144283537
1003450006,51.73,90641306555
1003450006,25.73,90641306555
1003480007,49.73,90641347046
1003450010,51.73,90641306593
1003450010,25.73,90641306593
1003510017,89.73,887850499792
1003510017,59.73,887850499792
1003510021,89.73,887850499839
1003510021,59.73,887850499839
1000980003,20.73,785146352175
1003510023,89.73,887850499853
1003510023,59.73,887850499853
1003510002,89.73,887850488321
1003510002,59.73,887850488321
1001940008,194.73,4047761314508
1001940008,97.73,4047761314508
1001940009,194.73,4047761314362
1001940009,97.73,4047761314362
1001950005,87.73,4047761295234
1001950005,43.73,4047761295234
1001100005,52.95,843916033539
1001950012,87.73,4047761295074
1001950012,43.73,4047761295074
1001100009,52.95,843916033577
1000160005,159,410001600053
1000160005,78.93,410001600053
1000160005,78.93,410001600053
1001710004,85,190287512928
1001730003,169.95,3342540100671
1001730003,174.95,3342540100671
1004240001,229,603429035754
1002170001,4.95,812713016007
1001860001,99.95,691688091376
1002020001,199.95,3342540104334
1004280002,54.95,821973286440
1001830006,21.83,886482895736
1002060001,19.95,3342540102392
1001830008,44,889667500821
1001830010,44,889667500845
1000130010,41.73,810418020305
1000130010,24.73,810418020305
1001990006,11.73,814756014392
1000130018,41.73,810418022750
1000130018,24.73,810418022750
1000130017,41.73,810418022743
1000160016,78.83,410001600169
1000160016,78.83,410001600169
1000170003,119,410001700036
1000170003,58.93,410001700036
1000170001,119,410001700012
1000170001,58.93,410001700012
1003540007,85.73,887850504755
1003540009,85.73,887850504779
1002250004,3.95,845823031158
1002270001,6,840302012260
1002890002,33.83,849872039240
1002900001,33.83,849872039783
1002900003,33.83,849872039806
1003630012,249,410036300126
1002710001,37.93,603731709596
1004730001,29.73,886745380887
1004730001,14.73,886745380887
1003520012,64.73,887850481636
1003520012,32.73,887850481636
1003520011,64.73,887850481629
1003520011,32.73,887850481629
1003650001,189,410036500014
1003650001,139.93,410036500014
1000010009,86.93,631411618371
1001040006,29.95,810497023112
1000010016,125,631411499925
1001040008,29.95,810497026830
1001040009,29.95,810497022313
1002930027,199,7613357101769
1001050004,39.95,810497022504
1003510006,89.73,887850488369
1003510006,59.73,887850488369
1003450003,51.73,90641306524
1003450003,25.73,90641306524
1003480003,49.73,90641347008
1003480004,49.73,90641347015
1003480006,49.73,90641347039
1000970003,30.73,785146507360
1000980001,20.73,785146352113
1003510022,89.73,887850499846
1003510022,59.73,887850499846
1000980004,20.73,785146352205
1003490001,4.95,75536050416
1003490001,4.95,75536050423
1000150002,20,410001500025
1000150002,20,410001500025
1001940012,194.73,4047761314409
1001940012,97.73,4047761314409
1000150005,83.83,410001500056
1000150005,83.83,410001500056
1001100003,52.95,843916033515
1000150012,83.83,410001500124
1000150012,83.83,410001500124
1001100011,52.95,843916033591
1000160001,159,410001600015
1000160001,78.93,410001600015
1000160001,78.93,410001600015
1000160004,159,410001600046
1000160004,78.93,410001600046
1000160004,78.93,410001600046
1001750002,23.93,3342540104303
1004250001,30.95,834456000389
1004250001,30.95,834456083115
1001770001,99.95,3342540100053
1004260002,109.95,895428014704
1002100001,39.95,3342540101418
1002140001,29.95,41604286940
1001820012,59.5,889667886123
1002150001,14.95,41604297625
1004300001,109.95,793661114185
1002070001,20.95,3342540102316
1002220001,99,845823031219
1001880001,39.95,4960589182084
1003520007,32.73,887850481582
1003630020,249,410036300201
1003640001,189,410036400017
1003640001,139.93,410036400017
1003520015,64.73,887850482015
1003520015,32.73,887850482015
1000010005,86.93,631411390628
1000010005,125,631411390628
1001040003,29.95,810497022283
1000010008,86.93,631411618364
1003430008,64.73,90641276209
1003430008,32.73,90641276209
1001050001,39.95,810497023150
1001050002,39.95,810497022528
1002930025,199,7613357101738
1003470012,44.73,90641376138
1003470012,22.73,90641376138
1000960001,35.73,785146549759
1000950013,30.73,785146480939
1000950013,15.73,785146480939
1000960002,35.73,785146549766
1003510014,89.73,887850499761
1003510014,59.73,887850499761
1000970004,30.73,785146507391
1003480010,49.73,90641347077
1003480009,49.73,90641347060
1002930040,189,7613357145008
1002940001,19.95,603403338246
1001090003,26.83,871836000072
1001090005,26.83,877740000030
1001950009,87.73,4047761295012
1001950009,43.73,4047761295012
1001950006,87.73,4047761295258
1001950006,43.73,4047761295258
1001950008,87.73,4047761294992
1001950008,43.73,4047761294992
1001100006,52.95,843916033546
1001710005,85,190288972455
1001710006,85,190288972448
1004190001,699.95,790628035293
1001720003,149.95,3342540100640
1004220001,249,603429033019
1001770005,99.95,3342540100015
1002110001,39.95,41604275692
1002110001,39.95,41604302732
1001840001,29.95,4960589181131
1001840001,29.95,691688181138
1002010001,119.95,3342540104532
1004290001,61.93,410042900013
1002160001,49.95,41604295621
1001980001,31.73,410019800018
1001970038,135.73,4047761318018
1000130013,41.73,810418020336
1000130013,24.73,810418020336
1000130014,41.73,810418020343
1000130014,24.73,810418020343
1004020001,199,410040200016
1000130019,41.73,810418022767
1000130019,24.73,810418022767
1004000014,159,7613357033367
1001930001,124.73,4047761085835
1001930001,62.73,4047761085835
1001120001,59.95,858941006328
1001120001,59.95,859555005264
1004650002,15.95,793661005773
1004000021,159,7613357033398
1004680002,4.95,793661287384
1001150001,38.73,410011500015
1004000022,159,7613357033404
1001940004,194.73,4047761314461
1001940004,97.73,4047761314461
1001940007,194.73,4047761314492
1001940007,97.73,4047761314492
1001960001,224.73,4047761294572
1001960005,224.73,4047761294657
1004470010,44.73,806434010840
1001060004,42.95,810497022610
1001060007,42.95,810497022597
1001060007,32.19,810497022597
1004000008,159,7613276854357
1004000008,118.93,7613276854357
1004000005,159,7613276854432
1004000005,118.93,7613276854432
1004000005,78.83,7613276854432
1001250001,30.93,886482981811
1001250002,30.93,886482981835
1001260010,28.93,886482990042
1001260010,20.83,886482990042
1004820009,31.73,886745381716
1004760003,36.73,886745375357
1004760003,21.73,886745375357
1004760002,36.73,886745375340
1004760002,21.73,886745375340
1005460001,24.95,604375196414
1005390010,75.73,888664220961
1005390010,37.73,888664220961
1005400002,79.73,888664221432
1005420002,74.95,4019238581348
1005420001,74.95,4019238573565
1005420001,74.95,4019238674514
1004840001,18.73,886745450382
1004850003,24.73,886745401032
1005150001,69.93,793661199397
1004860001,44.73,886745377283
1004860001,26.73,886745377283
1005220001,278.93,9327868055029
1005230001,39.95,4021574197510
1005510010,86.73,848489000964
1005520003,48.73,810918018901
1004790006,39.73,886745381839
1004790006,19.73,886745381839
1004800001,21.73,886745400813
1004800001,10.73,886745400813
1005550001,83.73,410055500019
1005540011,76.73,410055400111
1005090001,69.95,793661087878
1005080002,29.95,793661009498
1005550009,83.73,410055500095
1005550011,83.73,410055500118
1005130001,44.95,793661081999
1006190005,69.73,887921949447
1006190005,47.73,887921949447
1004860005,44.73,886745377320
1004860005,26.73,886745377320
1005250003,49.95,4052285311841
1005260001,99.95,4052285311865
1005270004,26.73,888664363750
1005270006,26.73,888664364924
1006720002,41.73,888458779248
1006720005,41.73,888458779125
1006450003,49.73,888664292418
1006730003,31.73,888664138419
1006110001,59.73,887921028838
1006110001,29.73,887921028838
1006100009,53.73,887921942370
1005380001,120.73,888664182054
1005370002,49.95,410053700022
1005390002,75.73,888664220831
1005390002,37.73,888664220831
1006390007,59.73,888664296652
1006390007,29.73,888664296652
1005300009,36.73,888664403067
1005390008,75.73,888664221128
1005390008,37.73,888664221128
1005560003,46.73,848489003385
1005560003,23.73,848489003385
1005560007,46.73,848489003422
1005560007,23.73,848489003422
1006200002,57.73,888664858560
1000130017,24.73,810418022743
1001100014,52.95,843916023233
1001100013,52.95,843916023226
1001100017,52.95,843916023264
1001100016,52.95,843916023257
1001140003,3.93,410011400032
1001130001,24.95,858941006298
1001130001,24.95,859555005240
1004000023,159,7613357033411
1001150003,38.73,410011500039
1001930012,124.73,4047761085804
1001930012,62.73,4047761085804
1001940001,194.73,4047761314430
1001940001,97.73,4047761314430
1001960006,224.73,4047761294671
1001960008,224.73,4047761294718
1004480001,36.73,806434001206
1004470009,44.73,806434010833
1004470009,22.73,806434010833
1001260012,28.93,886482990127
1002930010,149.93,7613276855545
1002930010,98.83,7613276855545
1002930010,149.93,7630039841621
1002930010,98.83,7630039841621
1001230002,28.83,889667158015
1001230001,28.83,889667157995
1001230006,40.93,886482986786
1002930018,199,7630039841829
1000200001,29.73,715757452629
1000200001,22.73,715757452629
1001230010,40.93,886482986847
1001230010,28.83,886482986847
1002930023,199,7613357101714
1000230002,41.83,813148029440
1001810004,21.93,886482895859
1001810003,21.93,886482895842
1001380002,99,7891318420580
1001380002,68.93,7891318420580
1001380002,48.93,7891318420580
1001420001,899.95,759239292785
1000170008,58.83,410001700081
1004530001,9.93,410045300018
1000170015,58.83,410001700159
1000170011,58.83,410001700111
1002920024,199,7613357085199
1000180006,99.5,410001800064
1000180006,99.5,410001800064
1002920029,199,7613357085250
1002920030,199,7613357085267
1004480017,36.73,806434012615
1004480022,36.73,806434012660
1004350001,1039.93,859444004842
1004370001,1039.93,859444004811
1001050011,39.95,810497022542
1001050013,39.95,810497022511
1001060003,42.95,810497022580
1001060003,32.19,810497022580
1001060002,42.95,810497022634
1004630007,140.93,7613276857044
1004630007,93.83,7613276857044
1004630009,140.93,7613276857068
1004630009,93.83,7613276857068
1004630017,189,7613357110679
1004630019,189,7613357110693
1001260002,28.93,886482989886
1001260002,20.83,886482989886
1001260005,28.93,886482989923
1001260005,20.83,886482989923
1004820010,31.73,886745381723
1004740007,31.73,886745401513
1004740007,18.73,886745401513
1004760009,36.73,886745401841
1004760009,21.73,886745401841
1004470010,22.73,806434010840
1004480003,36.73,806434001220
1002930009,149.93,7613276855538
1002930009,98.83,7613276855538
1002930009,149.93,7630039841614
1002930009,98.83,7630039841614
1001150008,38.73,410011500084
1001270005,30.93,886482984683
1001270004,30.93,886482984676
1000180013,99.5,410001800132
1000180013,99.5,410001800132
1000180014,99.5,410001800149
1000180014,99.5,410001800149
1001280005,34,886482895965
1002930022,199,7613357101707
1000210005,85,410002100057
1001290003,46.93,886482925310
1001810005,21.93,886482895804
1001370008,25,810497022764
1001370008,18.69,810497022764
1001380001,99,7891318420634
1001380001,68.93,7891318420634
1001380001,48.93,7891318420634
1001820004,40.93,886482794282
1004520001,18.93,889589418945
1004520001,13.83,889589418945
1002920014,199,7613276853763
1002920014,148.93,7613276853763
1002920014,118.83,7613276853763
1004550001,55,817500011166
1004590002,70,410045900027
1004630001,140.93,7613276854180
1004630001,93.83,7613276854180
1002920021,199,7613357085168
1002920026,199,7613357085229
1000180007,99.5,410001800071
1000180007,99.5,410001800071
1004500001,21.73,886745379935
1004480024,36.73,806434012684
1004310001,1149.95,859444004798
1004340001,1299.95,859444004149
1001050014,39.95,810497023167
1003920001,955.93,812203026592
1003930001,919.93,812203026554
1003940001,874.83,812203026202
1004630006,140.93,7613276857037
1004630006,93.83,7613276857037
1004000006,159,7613276854333
1004000006,118.93,7613276854333
1004000006,78.83,7613276854333
1004630012,140.93,7613276854241
1004630012,93.83,7613276854241
1004630014,140.93,7613276854265
1004630014,93.83,7613276854265
1001260009,28.93,886482990035
1001260009,20.83,886482990035
1001260011,28.93,886482990103
1004810011,34.73,886745376002
1004810011,17.73,886745376002
1004820002,31.73,886745381648
1004820007,31.73,886745381693
1005450001,15.95,793661006428
1004770006,37.73,886745377092
1004770006,18.73,886745377092
1004780002,44.73,410047800028
1004780002,26.73,410047800028
1005390013,75.73,888664220954
1005390013,37.73,888664220954
1004830005,18.73,886745381969
1004830005,9.73,886745381969
1004810004,34.73,886745375876
1004810004,17.73,886745375876
1006200004,57.73,888664858614
1006220004,8.93,682864811307
1006220004,5.83,682864811307
1006220003,8.93,682864811222
1006220003,5.83,682864811222
1007110015,29.73,886535096905
1007260009,24.73,887921977136
1007260009,12.73,887921977136
1007280003,13.73,888664327431
1007280003,6.73,888664327431
1007280005,13.73,888664327486
1007280005,6.73,888664327486
1005290001,28.73,888664209362
1005280011,29.73,888664176466
1007120011,29.73,886535698673
1007120012,29.73,886535698680
1007130007,29.73,886535096837
1007130009,29.73,886535096912
1006260005,39.5,410062600054
1006570001,49.95,604375196407
1006580001,62.93,29757211095
1006590001,41.93,29757218001
1006150004,68.73,190178365978
1006140004,44.73,888664355632
1006610004,23.73,888458004197
1006610007,23.73,888664937258
1006040007,89.73,888664137573
1006040007,44.73,888664137573
1006420008,44.73,888664339328
1006420008,22.73,888664339328
1005480005,37.73,888664390534
1006420013,44.73,888664339687
1006420013,22.73,888664339687
1006680002,25.73,887253210420
1006680002,12.73,887253210420
1006680006,25.73,888665163342
1006680006,12.73,888665163342
1005490005,39.73,888664442028
1005490005,19.73,888664442028
1005490009,39.73,888664442165
1005490009,19.73,888664442165
1006690002,31.73,888664304791
1006690002,15.73,888664304791
1006440003,98.73,887921040250
1006440003,49.73,887921040250
1006440005,98.73,887921040274
1006440005,49.73,887921040274
1007440008,117.73,410074400086
1007440008,58.73,410074400086
1006470004,40.73,888664123026
1006480001,129.73,888664338567
1006480004,129.73,888664338574
1007440017,117.73,410074400178
1007440017,58.73,410074400178
1007440017,117.73,790482755832
1007440017,58.73,790482755832
1005540003,76.73,410055400036
1006480007,129.73,888664338642
1007320006,24.73,888664384168
1006490005,109.73,888664201151
1005990001,61,4717784025919
1005990001,55.95,4717784025919
1007340001,37.73,887921239074
1007340004,37.73,888664417248
1007300010,14.73,888664280941
1006080006,69.73,888664895954
1006010010,139.73,888664396741
1006010010,69.73,888664396741
1006090007,33.73,887921941779
1006090007,16.73,887921941779
1006100003,53.73,887921941922
1001880001,39.95,691688180377
1001890001,76.93,889586538387
1001890001,54.83,889586538387
1001990004,11.73,814756014347
1004000012,159,7613357033343
1004630027,189,7613276854296
1000130021,41.73,810418022781
1000130021,24.73,810418022781
1001100015,52.95,843916023240
1004000017,159,7613357033589
1001930004,124.73,4047761085866
1001930004,62.73,4047761085866
1004670001,2.95,793661287353
1004660002,6.95,793661287407
1001950020,87.73,4047761295029
1001950020,43.73,4047761295029
1004000025,159,7613357033435
1004030001,31.73,90641337597
1004030001,15.73,90641337597
1001940003,194.73,4047761314454
1001940003,97.73,4047761314454
1001960009,224.73,4047761294435
1004470001,44.73,806434010758
1004470001,22.73,806434010758
1004470008,44.73,806434010826
1004470008,22.73,806434010826
1004470011,44.73,806434010857
1004470011,22.73,806434010857
1001170001,2019.93,700736517338
1001150007,38.73,410011500077
1001200001,1868.93,700736517840
1002930013,199,7613276855408
1002930013,199,7613357101592
1002930013,199,7630039841485
1001260014,28.93,886482990158
1001230007,40.93,886482986809
1001230007,28.83,886482986809
1001280001,34,886482895989
1001230008,40.93,886482986823
1000210004,85,410002100040
1001290001,46.93,886482925334
1000230001,41.83,813148029433
1001780001,29.95,3342540100435
1001370002,25,810497022726
1001370002,18.69,810497022726
1001370004,25,810497022719
1001410002,1199.95,759239293805
1001410002,1019.93,759239293805
1001820006,40.93,889667349130
1004500005,21.73,886745379973
1004500004,21.73,886745379966
1002920019,199,7613357085137
1004600001,38.93,4019238573138
1000180002,99.5,410001800026
1000180002,99.5,410001800026
1000180004,99.5,410001800040
1000180004,99.5,410001800040
1002930003,199,7613276855460
1002930003,199,7630039841546
1004490001,39.95,3342540104556
1004480016,36.73,806434012608
1004480019,36.73,806434012639
1004400001,1259.83,859444004699
1004420001,19.5,410044200012
1001050007,39.95,810497022481
1001050009,39.95,810497022535
1004000001,159,7613276854395
1004000001,118.93,7613276854395
1004000001,78.83,7613276854395
1003980001,39.95,181821000667
1003980001,39.95,847585002469
1001060006,42.95,810497022689
1001060006,32.19,810497022689
1004000002,159,7613276854401
1004000002,118.93,7613276854401
1004000002,78.83,7613276854401
1004000004,159,7613276854425
1004000004,118.93,7613276854425
1004000004,78.83,7613276854425
1004630021,189,7613357033183
1001240002,37.93,886482982672
1001240002,26.83,886482982672
1001240003,37.93,886482982696
1001240003,26.83,886482982696
1001250003,30.93,886482981859
1001250005,30.93,886482981873
1004740008,31.73,886745401520
1004740008,18.73,886745401520
1004750002,34.73,886745375197
1004750002,20.73,886745375197
1004760008,36.73,886745401834
1004760008,21.73,886745401834
1004770001,37.73,886745377047
1004770001,18.73,886745377047
1005390011,75.73,888664220930
1005390011,37.73,888664220930
1005410002,38.93,4019238618884
1005430002,74.95,4019238618921
1005480002,37.73,888664390503
1005140001,59.95,793661081982
1004810005,34.73,886745375883
1004810005,17.73,886745375883
1004860003,44.73,886745377306
1004860003,26.73,886745377306
1004860002,44.73,886745377290
1004860002,26.73,886745377290
1004820006,31.73,886745381686
1005520002,48.73,810918018895
1004820005,31.73,886745381679
1004820003,31.73,886745381655
1004810003,34.73,886745375869
1004810003,17.73,886745375869
1004800010,21.73,886745400950
1004800010,10.73,886745400950
1005080001,29.95,793661009504
1005070001,39.95,793661087892
1005120004,129.95,793661190165
1005560006,46.73,848489003415
1005560006,23.73,848489003415
1005560001,46.73,848489003361
1005560001,23.73,848489003361
1006170003,51.73,888664948735
1006170005,51.73,888664948759
1004860010,44.73,886745377375
1004860010,26.73,886745377375
1004870004,34.73,410048700044
1004870004,20.73,410048700044
1004870003,34.73,410048700037
1004870003,20.73,410048700037
1004870005,34.73,410048700051
1004870005,20.73,410048700051
1005270002,26.73,888664363736
1006710009,31.73,888664160205
1006710009,15.73,888664160205
1006710015,31.73,888664159896
1006710015,15.73,888664159896
1006720003,41.73,888458779255
1006720007,41.73,888458779149
1006100008,53.73,887921942363
